50
1 0
2 0
3 0
4 0
5 0
6 0
7 0
8 0
9 0
10 0
11 0
12 0
13 0
14 0
15 0
16 0
17 0
18 0
19 0
20 0
21 0
22 0
23 0
24 0
25 0
26 0
27 0
28 0
29 0
30 0
31 0
32 0
33 0
34 0
35 0
36 0
37 0
38 0
39 0
40 0
41 0
42 0
43 0
44 0
45 0
46 0
47 0
48 0
49 0
50 0
1 1 12 33 0
1 2 16 38 0
1 3 23 32 0
1 4 14 14 0
1 5 8 29 0
1 6 8 8 0
1 7 3 17 0
1 8 14 35 0
1 9 22 47 0
1 10 27 38 0
1 11 15 34 0
1 12 3 32 0
1 13 4 43 0
1 14 29 38 0
1 15 34 39 0
1 16 13 33 0
1 17 8 31 0
1 18 19 32 0
1 19 2 11 0
1 20 11 38 0
1 21 25 31 0
1 22 8 42 0
1 23 20 46 0
1 24 29 48 0
1 25 20 25 0
1 26 22 33 0
1 27 12 31 0
1 28 18 26 0
1 29 14 40 0
1 30 10 48 0
1 31 40 41 0
1 32 14 20 0
1 33 36 45 0
1 34 6 8 0
1 35 5 49 0
1 36 20 32 0
1 37 19 47 0
1 38 8 39 0
1 39 6 30 0
1 40 13 26 0
1 41 29 33 0
1 42 31 46 0
1 43 37 49 0
1 44 11 13 0
1 45 16 46 0
1 46 6 31 0
1 47 5 30 0
1 48 4 15 0
1 49 20 44 0
1 50 23 48 0
1 51 26 31 0
1 52 21 26 0
1 53 5 31 0
1 54 20 33 0
1 55 37 43 0
1 56 2 15 0
1 57 11 44 0
1 58 13 38 0
1 59 7 11 0
1 60 24 46 0
1 61 4 10 0
1 62 9 20 0
1 63 23 34 0
1 64 17 44 0
1 65 10 45 0
1 66 15 25 0
1 67 37 45 0
1 68 26 46 0
1 69 7 31 0
1 70 2 22 0
1 71 15 37 0
1 72 12 19 0
1 73 39 45 0
1 74 1 23 0
1 75 1 21 0
1 76 2 10 0
1 77 32 34 0
1 78 15 18 0
1 79 41 43 0
1 80 7 33 0
1 81 31 48 0
1 82 18 33 0
1 83 4 8 0
1 84 4 47 0
1 85 29 38 0
1 86 1 27 0
1 87 4 20 0
1 88 16 37 0
1 89 25 29 0
1 90 1 15 0
1 91 1 29 0
1 92 8 46 0
1 93 29 32 0
1 94 3 21 0
1 95 35 40 0
1 96 10 42 0
1 97 13 19 0
1 98 27 31 0
1 99 9 49 0
1 100 1 25 0
1 101 2 27 0
1 102 3 20 0
1 103 35 37 0
1 104 29 42 0
1 105 13 13 0
1 106 7 35 0
1 107 10 45 0
1 108 17 31 0
1 109 31 43 0
1 110 19 35 0
1 111 4 16 0
1 112 3 10 0
1 113 6 32 0
1 114 5 7 0
1 115 18 40 0
1 116 10 36 0
1 117 14 40 0
1 118 6 12 0
1 119 8 31 0
1 120 7 40 0
1 121 7 26 0
1 122 34 45 0
1 123 11 43 0
1 124 22 43 0
1 125 37 49 0
1 126 13 28 0
1 127 28 39 0
1 128 1 39 0
1 129 5 41 0
1 130 30 42 0
1 131 27 40 0
1 132 15 43 0
1 133 34 41 0
1 134 1 7 0
1 135 25 47 0
1 136 26 28 0
1 137 7 12 0
1 138 43 49 0
1 139 28 49 0
1 140 14 48 0
1 141 20 26 0
1 142 2 2 0
1 143 41 50 0
1 144 1 39 0
1 145 2 3 0
1 146 1 26 0
1 147 17 20 0
1 148 45 49 0
1 149 7 47 0
1 150 8 28 0
$
