MYL.:3 4 5 6 7 8 9 10 11 12 13 14 15 16 17 18 19 20 21 22 23 24 25 MYR.:26 27 28 29 30 31 32 33 34 35 36 37 38 39 40 41 42 43 44 45 46 47 48 49 50 
L.MY:3 4 5 6 7 8 9 10 11 12 13 14 15 16 17 18 19 20 21 22 23 24 25 R.MY:27 28 29 30 31 32 35 36 38 39 40 41 43 45 46 

MYL.:3 4 MYR.:5 6 7 8 9 10 11 12 13 14 15 16 17 18 19 20 21 22 23 24 25 
L.MY:3 4 R.MY:5 6 7 8 9 10 11 12 13 14 15 16 17 18 19 20 21 22 23 24 25 

MYL.:3 MYR.:4 
L.MY:3 R.MY:4 

MYL.:MYR.:3 
L.MY:R.MY:3 

MYL.:5 6 7 8 9 10 11 12 13 14 15 16 17 MYR.:18 19 20 21 22 23 24 25 
L.MY:5 6 7 8 9 10 11 12 13 14 15 16 17 R.MY:18 19 20 21 22 23 24 25 

MYL.:5 6 MYR.:7 8 9 10 11 12 13 14 15 16 17 
L.MY:5 6 R.MY:7 8 9 10 11 12 13 14 15 16 17 

MYL.:5 MYR.:6 
L.MY:5 R.MY:6 

MYL.:7 8 MYR.:9 10 11 12 13 14 15 16 17 
L.MY:7 8 R.MY:9 10 11 12 13 14 15 16 17 

MYL.:7 MYR.:8 
L.MY:7 R.MY:8 

MYL.:9 10 11 12 13 MYR.:14 15 16 17 
L.MY:9 10 11 12 13 R.MY:14 15 16 17 

MYL.:9 10 MYR.:11 12 13 
L.MY:9 10 R.MY:11 12 13 

MYL.:9 MYR.:10 
L.MY:9 R.MY:10 

MYL.:11 MYR.:12 13 
L.MY:11 R.MY:12 

MYL.:14 MYR.:15 16 17 
L.MY:14 R.MY:16 

MYL.:18 19 20 21 MYR.:22 23 24 25 
L.MY:18 19 20 21 R.MY:22 23 24 25 

MYL.:18 19 MYR.:20 21 
L.MY:18 19 R.MY:20 21 

MYL.:18 MYR.:19 
L.MY:18 R.MY:19 

MYL.:20 MYR.:21 
L.MY:20 R.MY:21 

MYL.:22 MYR.:23 24 25 
L.MY:22 R.MY:23 24 25 

MYL.:23 MYR.:24 25 
L.MY:23 R.MY:24 25 

MYL.:24 MYR.:25 
L.MY:24 R.MY:25 

MYL.:27 28 29 30 31 32 MYR.:35 36 38 39 40 41 43 45 46 
L.MY:26 27 28 29 30 31 32 33 R.MY:36 40 41 43 45 46 

MYL.:26 MYR.:27 28 29 30 31 32 33 
L.MY:26 R.MY:27 28 29 30 31 32 

MYL.:27 28 MYR.:29 30 31 32 
L.MY:27 28 R.MY:29 31 32 

MYL.:27 MYR.:28 
L.MY:27 R.MY:28 

MYL.:36 MYR.:40 41 43 45 46 
L.MY:35 36 39 R.MY:41 45 46 

MYL.:35 36 MYR.:39 
L.MY:35 36 R.MY:39 

MYL.:41 45 MYR.:46 
L.MY:41 45 R.MY:46 

MYL.:41 MYR.:45 
L.MY:41 R.MY:45 

